4.317910602756167560e-01 4.199182814000097519e-01 4.033631778198406570e-01 3.946079933158762598e-01 3.954344259618396418e-01
4.089044029671827785e-01 4.122401443769312390e-01 4.068649634414736038e-01 4.362477889667959463e-01 4.362477889667957243e-01
4.089044029671826674e-01 4.012682825192116498e-01 4.168113053174549165e-01 4.033631778198407680e-01 4.005059655460567747e-01
4.115922489766029591e-01 4.040952529490853262e-01 3.796931107421168683e-01 3.884501575102730087e-01 3.924231977815813011e-01
4.061620020366805139e-01 4.068649634414736038e-01 4.061620020366805139e-01 3.862003754471432515e-01 4.061620020366805139e-01
3.852676328163695540e-01 3.924231977815813011e-01 3.924231977815813011e-01 4.142273183886477916e-01 3.983820447995580771e-01
4.122401443769312390e-01 3.829836700880415723e-01 3.796931107421168683e-01 3.924231977815811900e-01 4.068649634414736038e-01
4.218324188266651120e-01 3.884501575102730087e-01 4.005059655460567747e-01 4.335958134460966562e-01 4.142273183886477916e-01
4.061620020366802919e-01 4.061620020366805139e-01 3.862003754471433625e-01 4.266676512362106433e-01 4.033631778198406570e-01
4.380125385600952548e-01 4.242725586608013799e-01 3.852676328163695540e-01 4.223814613725255240e-01 4.068649634414736038e-01
