3.620225284457094794e-01 4.122401443769314611e-01 4.218324188266651120e-01 4.033631778198407680e-01 3.796931107421169793e-01
3.954344259618396418e-01 4.290190419137360767e-01 3.820124661851727055e-01 4.401636889892028837e-01 3.893460089393876444e-01
4.095793220984791372e-01 4.061620020366802919e-01 3.893460089393875334e-01 4.095793220984791372e-01 4.061620020366805139e-01
4.142273183886477916e-01 4.218324188266651120e-01 4.061620020366805139e-01 4.401636889892027726e-01 3.946079933158763708e-01
3.915627557894019173e-01 4.005059655460567747e-01 4.005059655460567747e-01 4.335958134460966562e-01 3.946079933158763708e-01
4.266676512362106433e-01 4.089044029671828895e-01 4.068649634414736038e-01 4.142273183886477916e-01 3.975882970826840612e-01
4.040952529490853262e-01 4.218324188266651120e-01 3.983820447995580771e-01 4.295025036493647086e-01 4.095793220984790262e-01
3.915627557894019173e-01 4.242725586608013799e-01 3.946079933158762598e-01 4.040952529490853262e-01 3.829836700880415723e-01
4.142273183886475696e-01 4.033631778198407680e-01 3.946079933158763708e-01 4.122401443769312390e-01 4.005059655460567747e-01
4.012682825192116498e-01 4.290190419137360767e-01 4.122401443769312390e-01 3.954344259618396418e-01 4.174080141903250274e-01
