9.314663741261710594e-01 9.250506952081737344e-01 4.770056089798146992e-01 1.081915819769713183e-01 1.262508632062749880e-01
8.484092495626236463e-01 6.523971192090004534e-01 9.333668955041740656e-01 2.223044394220998754e-01 1.510857134726747431e-01
8.716750892795810390e-01 7.928678637992615519e-01 5.650857859450093557e-01 4.053031487865621507e-01 1.298329684540704410e-01
8.965269947761687064e-01 9.100230242387478130e-01 9.182939500078051154e-01 1.784695539440213086e-01 1.415544097577494664e-01
9.146587923684142973e-01 6.207917614100946224e-01 8.863121112601264340e-01 1.620878585373984881e-01 1.189506229391819048e-01
8.727842135179323391e-01 5.223755249691335312e-01 5.530164277719216148e-01 2.518099901989861999e-01 1.134795402054369351e-01
9.049264423434778548e-01 4.992807379789034883e-01 8.641938364852987942e-01 2.804043102832660672e-01 1.320384747466970543e-01
9.194077900426067540e-01 8.956500945507335221e-01 5.455820906807022919e-01 3.766585427802875419e-01 1.340533012444242722e-01
7.823120254874759150e-01 8.688617163398884014e-01 6.495977153112281188e-01 2.016172507211209108e-01 1.144096336955165993e-01
9.503248380554816244e-01 7.518312453566506903e-01 8.863254276722256630e-01 2.377564959703050151e-01 1.070750135635516465e-01
