3.975882970826840612e-01 3.983820447995580771e-01 4.061620020366802919e-01 4.061620020366805139e-01 4.218324188266651120e-01
4.061620020366805139e-01 4.040952529490853262e-01 4.061620020366805139e-01 4.033631778198405460e-01 3.893460089393875334e-01
3.983820447995582992e-01 4.122401443769312390e-01 4.218324188266652230e-01 4.223814613725256351e-01 3.924231977815813011e-01
4.247989877846096718e-01 3.924231977815813011e-01 3.983820447995582992e-01 4.242725586608013799e-01 3.763257474486307874e-01
3.693478820926916484e-01 4.199182814000097519e-01 4.061620020366802919e-01 4.193458250214798788e-01 3.893460089393876444e-01
4.115922489766030701e-01 4.193458250214801009e-01 4.223814613725256351e-01 3.752725200172490894e-01 4.122401443769312390e-01
4.005059655460567747e-01 4.313280182774259508e-01 4.335958134460966562e-01 4.033631778198407680e-01 3.884501575102730087e-01
4.242725586608013799e-01 4.033631778198406570e-01 3.924231977815813011e-01 3.376242496691488348e-01 3.829836700880417943e-01
3.946079933158761488e-01 4.012682825192117608e-01 4.199182814000097519e-01 3.975882970826840612e-01 4.040952529490853262e-01
4.005059655460567747e-01 3.924231977815813011e-01 3.862003754471432515e-01 4.115922489766029591e-01 4.061620020366802919e-01
