4.033631778198405460e-01 4.095793220984791372e-01 4.122401443769312390e-01 4.266676512362106433e-01 3.820124661851727055e-01
4.033631778198407680e-01 4.005059655460567747e-01 4.089044029671826674e-01 3.862003754471432515e-01 4.012682825192117608e-01
3.763257474486306764e-01 4.168113053174550275e-01 3.796931107421168683e-01 4.061620020366805139e-01 4.095793220984791372e-01
4.033631778198407680e-01 4.174080141903251384e-01 4.068649634414737148e-01 3.983820447995582992e-01 4.012682825192117608e-01
4.115922489766028480e-01 4.384182206780387059e-01 4.040952529490854372e-01 4.040952529490854372e-01 4.089044029671828895e-01
4.193458250214801009e-01 4.061620020366802919e-01 3.893460089393874224e-01 4.033631778198405460e-01 4.005059655460567747e-01
4.095793220984792482e-01 4.242725586608013799e-01 4.012682825192115388e-01 4.247989877846096718e-01 4.040952529490853262e-01
4.380125385600953658e-01 3.946079933158763708e-01 3.946079933158763708e-01 4.247989877846095608e-01 3.954344259618397528e-01
3.946079933158763708e-01 3.786817798437063232e-01 4.095793220984789151e-01 3.829836700880415723e-01 4.115922489766029591e-01
4.061620020366805139e-01 4.095793220984791372e-01 4.115922489766030701e-01 4.142273183886477916e-01 3.915627557894019173e-01
