7.256075750941446412e-01 7.650595016155562478e-01 6.575993493756228103e-01 1.133238896314687771e-01 7.935739119554707788e-02
6.995307889549543523e-01 6.936942493429638645e-01 5.607445338736726237e-01 1.606781659084270952e-01 7.789628385078728456e-02
6.219936089473864227e-01 7.643484069682100479e-01 7.610376750917475785e-01 1.175849583366826989e-01 5.765206491022334401e-02
7.213591222021104032e-01 7.557473850824819595e-01 3.966345988825088487e-01 1.450500368357614533e-01 7.150177953962855160e-02
6.849405529972401041e-01 4.546771260466824227e-01 6.949271361929362234e-01 1.091170540910083586e-01 6.721866413511945471e-02
7.331249608458890732e-01 6.616922569828029843e-01 4.804416488654330575e-01 1.075649270207846842e-01 8.324187849832020980e-02
7.383456828097387792e-01 6.612293398492989915e-01 5.427543057855180875e-01 1.375785827670508166e-01 5.632549374880047033e-02
7.301176984372682588e-01 7.805598918215246318e-01 4.870527236341288813e-01 1.274229226324050668e-01 5.662795943200460425e-02
7.471845120647920835e-01 6.943634630582103950e-01 5.609246070476189283e-01 1.378311990948621890e-01 8.401890083490703987e-02
6.899136674525966351e-01 5.423199702952062884e-01 2.736783713784870509e-01 1.355458385297045876e-01 6.831613065486441538e-02
