9.853144833193130392e-01 6.869843321135976622e-01 4.708559692767619875e-01 1.932309770797411286e-01 1.015378319729860479e-01
9.838983877296436642e-01 6.281005763439782008e-01 4.528122998078694117e-01 1.986553531204495737e-01 9.519687040641855447e-02
9.773992653126175600e-01 5.326796509205723451e-01 5.792505237445997324e-01 1.551975793437543327e-01 9.195365016894618826e-02
9.579054094151315812e-01 3.815585184713594646e-01 5.797023380291128625e-01 1.938191271030770269e-01 8.878895083929672083e-02
9.857326880081235254e-01 6.766102979530180805e-01 5.565787133095572159e-01 1.817940801109445559e-01 1.030798600249525077e-01
9.682167625740615291e-01 9.614854481834447242e-01 9.632082041731783173e-01 1.528803255215824830e-01 1.012819169665132302e-01
9.777554300470102655e-01 6.713099293588291605e-01 7.046842931795519460e-01 1.706610800052513754e-01 9.614426802288145169e-02
9.650426368539404276e-01 6.014917918987564560e-01 7.342275209794205670e-01 1.469541796751290264e-01 8.698137742286804475e-02
9.895186026081972397e-01 6.331549898725187253e-01 4.452383989579611345e-01 1.733999053567280013e-01 1.010799542674784002e-01
9.730600083508201825e-01 6.167813810035713828e-01 9.096493717481515251e-01 1.732524168827440647e-01 9.863339287502315145e-02
