2.051022814005933892e-01 3.243049109437952104e-01 0.000000000000000000e+00 1.166394142036741854e-01 -4.315210111891509825e-04
6.555568583743607292e-01 1.106785995068032546e-01 4.665625543384114282e-01 4.765609371063759259e-01 1.389753950374195135e-02
2.040302227610867325e-01 7.035449399213881128e-01 7.378812098093281424e-01 -2.237242782481274617e-04 4.525826875548381034e-01
3.998319378095737120e-01 1.979324464675875639e-01 1.712053326003950549e-01 6.723386276438418907e-01 2.706174926147320026e-01
6.399537764493353764e-01 6.007177766901286020e-01 6.296066145068426323e-01 -4.972918367658341054e-04 2.829612200627017460e-01
6.292636360368102366e-01 3.865185813626194067e-01 5.301470410074682338e-01 2.378131887808279110e-01 -6.921630298664105396e-04
3.552617834581404122e-01 3.761057740084577938e-01 2.473219761475140555e-01 1.731115992674758797e-02 1.467736328018678371e-01
2.858942776912529737e-01 3.898101136466680661e-01 -2.511198227093114355e-04 7.401929108161331428e-02 2.722763886643708720e-02
1.103867917989174163e-01 7.127645008036189722e-01 0.000000000000000000e+00 1.038414940957639310e-01 1.848179091495631976e-01
4.102291782749887261e-01 4.305245105921857718e-01 3.392240729660316312e-01 -4.526913728661874359e-04 6.395237960958688461e-02
4.433153260493081227e-01 0.000000000000000000e+00 0.000000000000000000e+00 4.469988298742380017e-01 -1.209327673297400096e-03
5.274046050999527946e-01 5.557480725146459744e-01 3.092948278701296294e-01 1.570501954934452327e-01 5.520923339939657337e-01
7.266619488053881470e-01 3.494648137429392509e-01 5.569188185006993530e-01 1.320871931667565446e-01 1.714716612131392814e-01
2.732989764463615856e-01 6.794045833500801379e-01 4.732665099838258005e-01 4.229129134829214820e-01 4.919929423501889776e-01
0.000000000000000000e+00 5.306557042149561143e-01 1.084196634867828912e-01 4.782832709501336765e-01 1.821948710852671072e-01
3.500391949495118560e-01 0.000000000000000000e+00 5.427147622028857255e-01 -5.626739592434759629e-04 1.474582255238494621e-01
2.130887509826252524e-01 1.004545221088639639e-01 3.415791359575569563e-01 3.819016801755046320e-01 2.896456111919056831e-01
3.467794740910206119e-01 4.787119065131940632e-01 5.383252179414214078e-01 2.316781457827781221e-01 2.040999533404275201e-02
3.854958882438124235e-01 1.490055914237709001e-01 2.538897332151420771e-01 6.348531218562557532e-01 1.656936789385510256e-01
2.960203726970818128e-01 2.436175313152837418e-01 4.651131848469955976e-01 1.744982285992409121e-01 2.353024771118727987e-01
