4.095793220984791372e-01 4.174080141903249164e-01 4.426485307292262750e-01 4.242725586608013799e-01 4.040952529490853262e-01
4.005059655460567747e-01 3.983820447995580771e-01 4.068649634414737148e-01 4.271722313773891333e-01 4.040952529490853262e-01
4.242725586608013799e-01 4.040952529490853262e-01 4.168113053174550275e-01 4.040952529490853262e-01 4.061620020366805139e-01
3.829836700880415723e-01 3.954344259618396418e-01 4.168113053174549165e-01 4.061620020366804029e-01 3.954344259618396418e-01
4.168113053174549165e-01 4.115922489766030701e-01 3.983820447995580771e-01 4.089044029671827785e-01 4.068649634414737148e-01
4.033631778198407680e-01 4.168113053174550275e-01 4.012682825192118719e-01 4.168113053174549165e-01 4.168113053174551386e-01
3.924231977815813011e-01 4.115922489766029591e-01 4.168113053174550275e-01 4.061620020366802919e-01 3.924231977815813011e-01
4.115922489766028480e-01 4.199182814000097519e-01 4.089044029671828895e-01 3.884501575102730087e-01 3.763257474486307874e-01
4.033631778198407680e-01 3.954344259618396418e-01 3.983820447995580771e-01 4.040952529490853262e-01 4.089044029671828895e-01
4.223814613725257461e-01 4.193458250214799898e-01 3.862003754471432515e-01 4.168113053174549165e-01 3.893460089393876444e-01
