7.607641051676171662e-01 6.786241693192094360e-01 6.990449921180545978e-01 1.328245567445542896e-01 9.218617479926161096e-02
7.685330239260075302e-01 7.180195639468146540e-01 6.829386540658123339e-01 1.005163944716553903e-01 7.582266113274938046e-02
6.996791427509407857e-01 6.071807683340406658e-01 2.885188193780554577e-01 1.206504763378384304e-01 8.647390570423241218e-02
7.755636213602040696e-01 8.163576702412884689e-01 4.453191446412423371e-01 9.703297049615056125e-02 7.820835058896080660e-02
6.478860221096072181e-01 5.386948590921334379e-01 3.273464589418633164e-01 1.777010894716305467e-01 6.215487103905148469e-02
7.320116881613563109e-01 6.842204679120388322e-01 7.523921727158850992e-01 1.259746390597762389e-01 6.732581476852050884e-02
8.184001171576665845e-01 7.111046272886190067e-01 4.433144857485008528e-01 9.725282972109206003e-02 6.051399856918771025e-02
7.904151386831151926e-01 7.775230647798289096e-01 3.291809529770424181e-01 1.124597607163138058e-01 5.781592779546984584e-02
8.042547659232294199e-01 7.133132873882619407e-01 4.491304926081034488e-01 1.666203978855342882e-01 6.617280554777471568e-02
7.621755710368309789e-01 7.336231540126827433e-01 3.688056440083176124e-01 1.111854276927112251e-01 8.462637709901277283e-02
