3.983820447995580771e-01 3.975882970826840612e-01 3.763257474486307874e-01 4.218324188266651120e-01 4.168113053174550275e-01
4.290190419137358546e-01 4.242725586608016020e-01 4.089044029671827785e-01 3.924231977815813011e-01 4.148491591368850262e-01
4.115922489766029591e-01 4.148491591368848042e-01 3.975882970826840612e-01 4.142273183886477916e-01 4.040952529490853262e-01
4.061620020366802919e-01 3.975882970826840612e-01 3.946079933158763708e-01 3.946079933158763708e-01 3.915627557894019173e-01
3.796931107421170903e-01 4.033631778198407680e-01 3.829836700880417943e-01 3.862003754471432515e-01 4.266676512362106433e-01
3.924231977815813011e-01 3.975882970826840612e-01 4.005059655460567747e-01 4.199182814000097519e-01 4.174080141903251384e-01
4.193458250214801009e-01 3.820124661851728165e-01 4.271722313773891333e-01 3.946079933158761488e-01 4.115922489766028480e-01
4.089044029671828895e-01 4.005059655460567747e-01 3.884501575102730087e-01 4.089044029671827785e-01 4.193458250214801009e-01
3.829836700880416833e-01 4.033631778198406570e-01 4.115922489766029591e-01 4.033631778198405460e-01 4.122401443769312390e-01
3.983820447995580771e-01 4.012682825192116498e-01 4.115922489766028480e-01 4.068649634414738259e-01 4.005059655460567747e-01
