4.242725586608013799e-01 4.199182814000096409e-01 4.142273183886475696e-01 4.223814613725256351e-01 4.122401443769314611e-01
4.033631778198407680e-01 4.193458250214799898e-01 4.193458250214799898e-01 4.089044029671828895e-01 3.862003754471431405e-01
3.954344259618396418e-01 3.693478820926916484e-01 4.148491591368848042e-01 4.068649634414737148e-01 3.763257474486307874e-01
4.317910602756167560e-01 4.242725586608013799e-01 3.752725200172489783e-01 4.061620020366805139e-01 4.168113053174549165e-01
4.061620020366805139e-01 3.884501575102730087e-01 3.893460089393874224e-01 4.061620020366802919e-01 4.340391042777853592e-01
4.168113053174549165e-01 4.122401443769312390e-01 4.148491591368848042e-01 3.915627557894019173e-01 4.089044029671828895e-01
4.317910602756167560e-01 4.242725586608013799e-01 4.266676512362104212e-01 4.295025036493648196e-01 3.829836700880415723e-01
4.122401443769314611e-01 4.122401443769312390e-01 4.089044029671828895e-01 3.975882970826842833e-01 4.068649634414736038e-01
4.199182814000097519e-01 3.829836700880415723e-01 4.247989877846095608e-01 4.005059655460567747e-01 4.218324188266652230e-01
3.852676328163695540e-01 4.061620020366802919e-01 3.954344259618396418e-01 4.142273183886477916e-01 3.924231977815813011e-01
