9.184897032091703384e-01 9.136790423273007944e-01 9.101769914950692542e-01 1.816850571048801433e-01 8.046862487031902766e-02
9.573887761735874191e-01 5.922063369606345162e-01 4.852790885669022725e-01 1.324287080558443908e-01 8.845512333597749244e-02
8.818376775360515785e-01 6.230689825783437552e-01 5.952624523932321665e-01 1.362233029827530917e-01 9.139836179046034736e-02
8.659213996123554802e-01 6.651216147453146155e-01 3.864407224836150512e-01 1.370583070576322227e-01 8.119342428253295552e-02
9.074034669584735147e-01 9.556595825121645404e-01 5.014592747737040002e-01 1.766595638567380888e-01 8.414822882967165629e-02
9.670158509754546161e-01 9.312540403939720823e-01 4.505676195334273881e-01 1.304957733118743413e-01 8.339396266011922521e-02
9.189803756689307601e-01 6.845214301830895298e-01 7.639065621939769013e-01 1.612731471908611658e-01 1.011527052585852182e-01
9.503248380554814023e-01 6.162370007093107560e-01 3.713813242651318181e-01 1.601248527307836955e-01 8.271390014161539295e-02
8.943466309241042689e-01 8.731294500658586255e-01 3.516672904946505085e-01 1.655485877882252321e-01 9.290277940184055172e-02
9.146587923684141863e-01 5.044253893440097114e-01 9.234788161557205832e-01 1.562555450458472661e-01 8.085558958319982725e-02
