6.956817907395694833e-01 6.253680024401140347e-01 7.199418110703637019e-01 1.571081449795946883e-01 9.255247896326534995e-02
6.757281659498105553e-01 5.443377870788158601e-01 6.162502011666742829e-01 9.454729226268843156e-02 6.139017222884035618e-02
6.999578908447636749e-01 6.035213617940349273e-01 4.266993312513054359e-01 1.333150718010329694e-01 6.575607407456829367e-02
6.466287804749094592e-01 6.992141588816688236e-01 6.144641163394889416e-01 1.860910909439901229e-01 5.770384342186640758e-02
6.764800240109842822e-01 4.912758845394245011e-01 7.274612736517186429e-01 1.802581648368982714e-01 6.516111124924151010e-02
5.928244366660488929e-01 6.992141588816689346e-01 6.993759363960477815e-01 1.751518105811444848e-01 7.245914431941169465e-02
7.262977747443595256e-01 7.155348753327838152e-01 4.709244561467871293e-01 1.781270100857770267e-01 6.847689831854841813e-02
6.780497663766384964e-01 6.523374698518246140e-01 6.645662430992386183e-01 2.499168470875826609e-01 8.627254550931973132e-02
6.037457081468773357e-01 4.423044017399629935e-01 4.020183155560106414e-01 1.523266514716752340e-01 6.511984576303575523e-02
7.106515110575772898e-01 6.419781837539224600e-01 6.260300537485214978e-01 1.375184725565785637e-01 5.825831732091235615e-02
