4.012682825192116498e-01 4.142273183886477916e-01 4.068649634414737148e-01 3.862003754471432515e-01 4.242725586608014909e-01
4.168113053174549165e-01 3.983820447995580771e-01 3.954344259618396418e-01 3.893460089393875334e-01 4.142273183886477916e-01
3.975882970826840612e-01 4.122401443769312390e-01 4.068649634414736038e-01 4.218324188266651120e-01 4.199182814000096409e-01
4.012682825192117608e-01 4.148491591368848042e-01 4.061620020366805139e-01 3.924231977815813011e-01 3.954344259618396418e-01
4.040952529490854372e-01 4.068649634414736038e-01 4.247989877846096718e-01 4.122401443769314611e-01 4.061620020366805139e-01
3.915627557894019173e-01 3.954344259618396418e-01 4.142273183886477916e-01 4.061620020366805139e-01 3.924231977815813011e-01
4.199182814000097519e-01 4.122401443769312390e-01 4.223814613725256351e-01 4.068649634414736038e-01 4.193458250214801009e-01
4.148491591368850262e-01 3.946079933158763708e-01 4.148491591368848042e-01 4.095793220984790262e-01 4.335958134460964342e-01
4.168113053174549165e-01 3.693478820926916484e-01 3.884501575102730087e-01 3.852676328163697761e-01 4.290190419137360767e-01
3.884501575102730087e-01 3.915627557894020283e-01 3.862003754471432515e-01 4.040952529490853262e-01 3.946079933158763708e-01
