4.539017210418814230e-01 1.960180486193907612e-01 3.142443347030607903e-01 4.286927225520283935e-01 2.438070729438266415e-01
5.137556305809731771e-01 4.586593392348694564e-01 4.862007258705304258e-01 1.176633901431711759e-01 -2.499374155360278849e-04
2.757213776282224638e-01 3.737437225001253305e-01 5.626837471689596359e-01 3.798133004916646183e-01 2.649966439086781644e-01
3.930805923860255513e-01 6.838825174598438528e-01 1.748804231262921505e-01 2.872703043735360673e-01 7.304907234919100212e-02
5.023328947117938759e-01 3.721468130203462454e-01 1.862735707639686655e-01 3.713215159568835633e-01 -9.242183204247744754e-04
4.998349364460354938e-01 2.072980260085356408e-01 3.667345276972394652e-01 -9.904398779458922775e-05 2.944484418448545249e-02
3.146426371264705590e-01 3.649821680725714446e-01 3.118426362520673178e-01 5.713264666384154644e-02 1.245801180593975044e-01
1.673565756828001572e-01 0.000000000000000000e+00 0.000000000000000000e+00 2.596949063139397662e-02 9.917031532575915076e-02
4.449098514869267440e-01 1.611041435374251929e-01 3.575066935850871319e-01 0.000000000000000000e+00 4.385176371250060212e-01
2.851859779339616097e-01 -9.385008736861877310e-05 1.515551553937672935e-01 3.441964054914674609e-01 -6.911460472527330978e-04
