3.717814416274956013e-01 4.115922489766028480e-01 3.946079933158762598e-01 4.089044029671826674e-01 3.954344259618395307e-01
4.218324188266652230e-01 3.983820447995580771e-01 4.122401443769312390e-01 4.033631778198407680e-01 4.033631778198406570e-01
4.061620020366805139e-01 4.033631778198407680e-01 4.005059655460567747e-01 4.218324188266651120e-01 4.313280182774259508e-01
4.223814613725256351e-01 4.115922489766029591e-01 4.095793220984791372e-01 3.829836700880415723e-01 4.033631778198407680e-01
4.089044029671827785e-01 4.122401443769314611e-01 3.763257474486306764e-01 4.405514613167060833e-01 3.983820447995582992e-01
4.012682825192117608e-01 3.728784480324485173e-01 4.223814613725256351e-01 4.095793220984791372e-01 4.033631778198408790e-01
4.089044029671828895e-01 3.829836700880415723e-01 4.012682825192117608e-01 3.946079933158761488e-01 3.893460089393875334e-01
4.142273183886477916e-01 4.380125385600952548e-01 4.168113053174549165e-01 4.089044029671826674e-01 3.924231977815813011e-01
4.115922489766029591e-01 4.218324188266651120e-01 4.089044029671828895e-01 3.975882970826841722e-01 4.122401443769312390e-01
4.271722313773891333e-01 4.142273183886477916e-01 4.095793220984790262e-01 3.924231977815813011e-01 4.199182814000097519e-01
