2.865950261683883893e-01 5.771480904453726302e-01 0.000000000000000000e+00 2.901545537715278789e-01 1.514421636588423326e-01
4.397763064021470436e-01 7.249639082693540848e-01 5.178143218323015828e-01 3.432217497458517341e-01 2.808016752045827680e-02
6.824683023466425746e-01 6.386911897626855739e-01 5.191219494222178987e-01 6.483486677347161109e-02 9.770148201939288235e-02
5.715716516195272767e-01 6.006455165342284852e-01 2.967678969641682762e-01 3.897737946920911689e-01 2.615116522453648784e-01
3.987143906784100800e-01 2.305301424305086222e-01 1.410347643742694279e-01 8.791908510550727751e-02 9.808713119389844692e-02
5.212523887885575080e-01 1.999039731069358616e-01 3.516814348862988826e-01 2.876547297244562706e-01 1.238351025387487425e-01
5.316271423709137967e-01 5.875421037079169295e-01 5.427147622028857255e-01 2.893593217101557702e-01 2.292908273916044459e-01
4.765691459829390908e-01 5.667311511993655682e-01 4.593051205222096200e-01 -1.082006994556072854e-03 7.268821299039607275e-03
7.336231540126826323e-01 5.138397998654929966e-01 2.787709054098310713e-01 4.588009044160956673e-01 1.682076957802181028e-02
5.830852268176427433e-01 5.942920838487153468e-01 5.688405232166691139e-01 3.229857045536466131e-01 1.805698022997382912e-01
