9.945453908540199395e-01 9.947179400030342622e-01 4.968113402225864395e-01 1.362583276118531916e-01 1.008719050886812685e-01
1.000000000000000000e+00 1.000000000000000000e+00 6.994968457657866345e-01 1.510965798406695981e-01 9.019647112023299051e-02
9.733041713470657053e-01 7.278800245230223620e-01 4.300165304368017694e-01 1.592751259711813194e-01 9.377798241890689113e-02
1.000000000000000000e+00 5.260539164126878386e-01 4.491443353032681385e-01 1.626532495996391159e-01 8.602212710618750702e-02
9.803112304361634166e-01 5.917912852677845725e-01 9.793596224182460341e-01 1.445235595288794084e-01 8.956763720423743802e-02
9.950809848748473074e-01 7.536275230048885554e-01 7.551300688707229813e-01 1.184563369987760018e-01 1.003198572356103213e-01
9.946616506636866140e-01 1.000000000000000000e+00 6.108023175023273854e-01 1.502858261991509847e-01 9.045781743081215964e-02
9.955207214538652760e-01 6.956542384316466432e-01 6.859124265843050683e-01 8.687976550865184056e-02 8.897331523630414019e-02
9.944239494255198153e-01 9.843998503809097134e-01 4.287833976704160666e-01 1.401400340212314299e-01 9.600540964052983739e-02
9.892946031198907031e-01 9.777554300470102655e-01 6.986605694672701761e-01 1.558993762155699292e-01 9.333133973292451202e-02
