3.983820447995580771e-01 3.983820447995580771e-01 4.122401443769312390e-01 4.122401443769312390e-01 3.954344259618397528e-01
4.089044029671827785e-01 4.005059655460567747e-01 4.005059655460567747e-01 4.115922489766028480e-01 4.040952529490853262e-01
4.033631778198407680e-01 4.122401443769312390e-01 4.068649634414736038e-01 4.089044029671826674e-01 4.089044029671828895e-01
4.089044029671828895e-01 4.115922489766028480e-01 4.174080141903251384e-01 4.247989877846096718e-01 4.095793220984790262e-01
4.358236091452170058e-01 4.193458250214801009e-01 4.317910602756167560e-01 3.983820447995580771e-01 4.005059655460565526e-01
4.168113053174551386e-01 4.148491591368849152e-01 4.033631778198407680e-01 4.061620020366805139e-01 3.975882970826841722e-01
3.983820447995580771e-01 4.223814613725256351e-01 4.061620020366802919e-01 3.983820447995580771e-01 4.061620020366805139e-01
4.218324188266652230e-01 4.223814613725256351e-01 3.946079933158761488e-01 4.115922489766028480e-01 3.983820447995580771e-01
3.820124661851728165e-01 4.335958134460966562e-01 3.946079933158763708e-01 4.089044029671828895e-01 4.089044029671828895e-01
3.983820447995580771e-01 4.061620020366802919e-01 4.266676512362104212e-01 3.893460089393876444e-01 4.218324188266651120e-01
4.358236091452172278e-01 4.033631778198407680e-01 4.168113053174550275e-01 4.335958134460966562e-01 3.752725200172489783e-01
4.012682825192117608e-01 4.218324188266652230e-01 4.005059655460567747e-01 4.040952529490854372e-01 4.122401443769314611e-01
4.168113053174549165e-01 3.946079933158763708e-01 3.862003754471432515e-01 4.142273183886477916e-01 4.174080141903251384e-01
4.148491591368848042e-01 4.148491591368850262e-01 4.174080141903251384e-01 4.174080141903252494e-01 4.040952529490853262e-01
3.829836700880417943e-01 4.218324188266651120e-01 3.829836700880415723e-01 4.290190419137360767e-01 4.142273183886477916e-01
4.168113053174550275e-01 4.115922489766029591e-01 3.983820447995580771e-01 3.954344259618396418e-01 4.115922489766029591e-01
4.218324188266652230e-01 4.040952529490853262e-01 4.193458250214801009e-01 4.115922489766030701e-01 4.218324188266652230e-01
4.193458250214802119e-01 4.174080141903251384e-01 4.089044029671828895e-01 3.829836700880415723e-01 4.193458250214799898e-01
4.317910602756168670e-01 3.946079933158763708e-01 3.954344259618396418e-01 4.115922489766030701e-01 4.095793220984791372e-01
4.266676512362106433e-01 4.068649634414737148e-01 4.012682825192117608e-01 4.040952529490853262e-01 4.068649634414736038e-01
